Wine data head (Pre-Reduction): 
          0         1         2   ...        8         9         10
0  0.002052  0.007166  0.011404  ... -0.040780  0.002049 -0.009172
1 -0.019180 -0.002443  0.001210  ...  0.021735 -0.021128  0.001936
2 -0.003512 -0.003698  0.006272  ...  0.004752 -0.012448 -0.000432
3  0.009812 -0.026744  0.010605  ... -0.001041 -0.015377 -0.007238
4  0.002052  0.007166  0.011404  ... -0.040780  0.002049 -0.009172

[5 rows x 11 columns]
Heart data head (Pre-Reduction): 
          0         1         2   ...        8         9         10
0  0.025987 -0.010758  0.012002  ...  0.008906 -0.009562  0.001191
1 -0.019065 -0.001489 -0.030514  ... -0.023669  0.002300 -0.011990
2 -0.007872 -0.006411 -0.015177  ...  0.002826 -0.000350 -0.008451
3  0.025619 -0.011126 -0.009747  ...  0.001701 -0.007335  0.002331
4  0.025987 -0.010758  0.012002  ...  0.008906 -0.009562  0.001191

[5 rows x 11 columns]
Wine data head: 
           0         1         2         3         4         5         6
0 -0.013316  0.005795  0.004155 -0.037286  0.006573 -0.031887  0.003247
1  0.008857  0.019778 -0.038129 -0.035355  0.007539  0.019411 -0.006586
2  0.004789  0.006957 -0.022194 -0.028569  0.009480  0.001458 -0.000208
3 -0.013973 -0.005096  0.020188  0.018612  0.010964  0.023932  0.039420
4 -0.013316  0.005795  0.004155 -0.037286  0.006573 -0.031887  0.003247
Heart data head: 
           0         1         2         3         4         5         6
0 -0.061895  0.064073 -0.052892 -0.104271  0.072200 -0.097730 -0.150694
1 -0.060526 -0.040614 -0.156258 -0.095187 -0.041990  0.005770 -0.020622
2 -0.052184  0.029550 -0.016546  0.004267 -0.064687 -0.037649  0.000786
3 -0.045462 -0.014668  0.003771  0.028375 -0.018330  0.041579  0.005721
4  0.058571  0.088590  0.058287  0.001952 -0.081617  0.035354  0.095251

Process finished with exit code 0