C:\Users\Katharine\AppData\Local\Programs\Python\Python37-32\python.exe C:/Users/Katharine/Code/ML/Assignment3/pca.py
Wine data head (Pre-Reduction): 
          0         1         2   ...        8         9         10
0 -1.619530  0.450950 -1.774454  ...  0.005098 -0.267759  0.048630
1 -0.799170  1.856553 -0.911690  ... -0.520707  0.062833 -0.138142
2 -0.748479  0.882039 -1.171394  ... -0.086857 -0.187442 -0.118229
3  2.357673 -0.269976  0.243489  ...  0.091577 -0.130393  0.316714
4 -1.619530  0.450950 -1.774454  ...  0.005098 -0.267759  0.048630

[5 rows x 11 columns]
Explained variance: 
 [0.28173931 0.1750827  0.1409585  0.11029387 0.08720837 0.05996439
 0.05307193 0.03845061 0.0313311  0.01648483 0.00541439]
Heart data head (Pre-Reduction): 
          0         1         2   ...        8         9         10
0 -1.619530  0.450950 -1.774454  ...  0.005098 -0.267759  0.048630
1 -0.799170  1.856553 -0.911690  ... -0.520707  0.062833 -0.138142
2 -0.748479  0.882039 -1.171394  ... -0.086857 -0.187442 -0.118229
3  2.357673 -0.269976  0.243489  ...  0.091577 -0.130393  0.316714
4 -1.619530  0.450950 -1.774454  ...  0.005098 -0.267759  0.048630

[5 rows x 11 columns]
Explained variance: 
 [0.28173931 0.1750827  0.1409585  0.11029387 0.08720837 0.05996439
 0.05307193 0.03845061 0.0313311  0.01648483 0.00541439]
Wine data head: 
           0         1         2         3         4         5         6
0 -1.619530  0.450950 -1.774454  0.043740  0.067014 -0.913921 -0.161043
1 -0.799170  1.856553 -0.911690  0.548066 -0.018392  0.929714 -1.009829
2 -0.748479  0.882039 -1.171394  0.411021 -0.043531  0.401473 -0.539553
3  2.357673 -0.269976  0.243489 -0.928450 -1.499149 -0.131017  0.344290
4 -1.619530  0.450950 -1.774454  0.043740  0.067014 -0.913921 -0.161043
Explained variance: 
 [0.28173931 0.1750827  0.1409585  0.11029387 0.08720837 0.05996439
 0.05307193]
Heart data head: 
           0         1         2         3         4         5         6
0  0.624111  2.321270  2.474673  2.676239  0.375253  1.713567 -0.120352
1 -0.455988 -0.957351  1.139595  2.426838  2.273767 -0.787861 -0.081513
2 -1.828805  0.042885 -0.452229  0.406415  0.867802  0.767551 -0.104852
3 -1.716006 -0.495337  0.030631 -0.112162 -0.235598 -0.502665 -0.142754
4 -0.371356  0.301156 -2.841069 -0.809042  0.011389 -0.085495  1.415596
Explained variance: 
 [0.21254053 0.11820708 0.09406418 0.09085735 0.07861281 0.07461661
 0.06636692]

Process finished with exit code 0
